camera_info:
  height: 480
  width: 640
  distortion_model: plumb_bob
  D: [0.10553694970008147, -0.2432047726240569, 0.003687689802426831, -0.0021777094264947006, 0.0]
  K: [752.3619268367931, 0.0, 314.4457885369666, 0.0, 749.4775003821243, 253.9352274687957, 0.0, 0.0, 1.0]
  R: [1.0, 0.0, 0.0, 0.0, 1.0, 0.0, 0.0, 0.0, 1.0]
  P: [762.2401342845199, 0.0, 313.43408338425763, 0.0, 0.0, 759.066455934995, 255.14015175402574, 0.0, 0.0, 0.0, 1.0, 0.0]

