camera_info:
  height: 480
  width: 640
  distortion_model: plumb_bob
  D: [0.11736713046489307, -0.29983196150309804, -0.002540038932615341, -0.001660299072962721, 0.0]
  K: [743.5378679687802, 0.0, 336.78716352445986, 0.0, 743.2765213205552, 221.90175895528495, 0.0, 0.0, 1.0]
  R: [1.0, 0.0, 0.0, 0.0, 1.0, 0.0, 0.0, 0.0, 1.0]
  P: [752.7818424198737, 0.0, 336.16056472257645, 0.0, 0.0, 752.3496222637059, 221.10724529158986, 0.0, 0.0, 0.0, 1.0, 0.0]

